0.09
0.18
0.27
0.36
0.45
0.54
0.63
0.72
0.81
0.9
0.99
1.08
1.17
1.26
1.35
1.44
1.53
1.62
1.71
1.8
1.89
1.98
2.07
2.16
2.25
2.34
2.43
2.52
2.61
2.7
2.79
2.88
2.97
3.06
3.15
3.24
3.33
3.42
3.51
3.6
3.69
3.78
3.87
3.96
4.05
4.14
4.23
4.32
4.41
4.5
4.59
4.68
4.77
4.86
4.95
5.04
5.13
5.22
5.31
5.4
5.49
5.58
5.67
5.76
5.85
5.94
6.03
6.12
6.21
6.3
6.39
6.48
6.57
6.66
6.75
6.84
6.93
7.02
7.11
7.2
7.29
7.38
7.47
7.56
7.65
7.74
7.83
7.92
8.01
8.1
8.19
8.28
8.37
8.46
8.55
8.64
8.73
8.82
8.91
9
9.09
9.18
9.27
9.36
9.45
9.54
9.63
9.72
9.81
9.9
9.99
18.5243
15.354
5.98024
-5.0876
-14.5284
-20.1337
-21.0665
-17.8159
-11.7929
-4.74445
1.784
6.77976
9.84328
11.0741
10.8644
9.69729
8.00549
6.10731
4.202
2.39808
0.749861
-0.712756
-1.96662
-2.98869
-3.75671
-4.25311
-4.46951
-4.41001
-4.0928
-3.54997
-2.8259
-1.97437
-1.05504
-0.129483
0.742918
1.50874
2.12383
2.55593
2.78634
2.8107
2.63871
2.29294
1.80677
1.2217
0.584144
-0.0579845
-0.658654
-1.17688
-1.5794
-1.84272
-1.95442
-1.91355
-1.73032
-1.42486
-1.02543
-0.566047
-0.0837557
0.384164
0.802959
1.14287
1.38118
1.50359
1.50507
1.38986
1.17088
0.868446
0.508541
0.120649
-0.264559
-0.617575
-0.912256
-1.1277
-1.24966
-1.27147
-1.19429
-1.02683
-0.784487
-0.487943
-0.161498
0.168908
0.47771
0.741664
0.941565
1.06362
1.10036
1.05106
0.921651
0.724071
0.475229
0.195585
-0.0925065
-0.366561
-0.605694
-0.792193
-0.912815
-0.959702
-0.930875
-0.830256
-0.667237
-0.455844
-0.213543
0.0401386
0.28535
0.50267
0.677952
0.78914
0.868039
0.743667
1.12899
-0.970511
7.14073
